layout_spectrum: 0.9504781
typography_spectrum: 0.5393001
color:
  saturation: 0.9746953
  lightness: 0.5054176
  brandStrength: 0.9260066
  rhythmicContrast: 0.3544681
name: DesignBuild
